2025/08/19 16:30:40,18243
2025/11/05 11:55:17,18311
